,data_name,FC3_delta,FC3_theta,FC3_alpha,FC3_beta,FC3_gamma,FCz_delta,FCz_theta,FCz_alpha,FCz_beta,FCz_gamma,Pz_delta,Pz_theta,Pz_alpha,Pz_beta,Pz_gamma,Oz_delta,Oz_theta,Oz_alpha,Oz_beta,Oz_gamma,FC3_wavelet_approx,FC3_wavelet_detail,FCz_wavelet_approx,FCz_wavelet_detail,Pz_wavelet_approx,Pz_wavelet_detail,Oz_wavelet_approx,Oz_wavelet_detail,addictLabel,stateLabel
0,A104VR_Post,-55.77758701195843,149.62734707493718,490.87690057513475,259.7784646609535,63.481727987618754,-58.94428724477295,159.81046072769146,465.9331803592914,369.8188560553755,221.18839172007299,-52.84828613960474,61.667557944889225,135.5754736916387,67.50249180406037,99.75545016646122,-54.523078324713396,167.12586750621753,3332.218420074375,9693.512455352991,10935.240824126326,9.58848855572144e-05,-0.00032853936551840665,0.00016108196235922853,0.0003948036905518373,0.0003861584656627188,-0.0006678679016719263,-0.0014002950920223626,-0.0011079317411770411,1,2
2,A104VR_Pre,-9.012343003499833,83.98345480241689,27.509908548973115,72.34994291413838,31.678222487309522,-2.542176162930775,65.40456573642015,79.49232551863163,-7.5185662823589805,-0.6005305670504971,18.08169718673339,30.403515488897774,-12.228021960426863,-24.00474063449699,2.4568318644874156,2.9960440190174276,-0.7103400450993915,21.35567744347382,541.2985216377227,414.268323617247,0.00035886462671733365,-0.00032651659954486303,-0.0005112389496479676,-0.002181391397479851,-0.002699096383256278,-0.001973664065396206,0.001547618609666683,0.0017830591955373815,1,0
3,A105VR_Post,-22.35963846732624,142.3957565072908,173.03855731825834,133.84574386615498,74.04702656460253,-48.05562944745868,37.57068401436371,263.23823176606794,318.49651784108937,443.8999692217896,-37.63167408404508,-9.988799552596777,75.44081131576326,127.62753872950935,49.31991275054385,3.920255054399704,-22.267686115828326,-10.112635906189531,-46.143988739536304,-40.29731806875888,-0.0006278974060788838,0.0031762605803208363,0.0003871289624646442,0.0042378598975884385,0.001671067822422538,0.0040117948883214485,0.0011759738797382996,0.003850892861374775,1,2
5,A105VR_Pre,-9.529173775855632,253.54221859399306,84.70591245390307,17.23656396227506,-3.9659852713126242,-32.02374034712116,209.13892944843454,201.8757109075405,280.69609896183965,334.0065534980012,54.382816675851146,8.417568005711473,-24.637441332699026,-8.509337558049175,-54.22116537733569,70.0251367572283,43.43855910510927,-31.351488795947336,-35.618335595202225,-44.47956861851052,0.0021294399972732595,0.0008744292904604277,0.0012537693485346834,0.00432398240936791,0.001221010939411572,-0.0036568436913497595,0.0013462128694081473,-0.0012494906824406875,1,0
6,A108VR_Post,-62.58590375166834,161.90951533426872,1568.7001939894128,699.9408468634242,518.1249968113414,-41.21205225290073,200.98241759692837,964.5449366892333,315.38122410025363,151.16323732600972,-68.54908365957603,-31.59678579336706,147.22198493288144,277.53824357228217,440.00163295626294,-77.19875068181909,658.4826313680202,29032.711922461287,15890.186211208877,42271.98908858958,0.003852758456218133,-0.0010361173593732185,0.004497948487762786,-0.0002281820162999039,0.001173937928201115,-0.0029952476216293386,0.004338061120244248,-0.00124723621703089,1,2
8,A108VR_Pre,-14.133077967608312,82.52842208532827,248.45314898792745,114.92409467653681,136.14028933627765,-26.17991674601302,73.91501175390202,80.10512411220537,53.99094754807386,95.92241364526342,-30.56185042276694,47.65097538015699,128.64043954279143,186.62550622421955,235.43223493077687,-14.597087042166597,985.4733340081308,4898.532891933103,1664.2691530980055,1518.7792244533166,-0.0011204343244125314,-0.0014119237862375573,-0.000912071319924603,-0.000896937556997772,0.001811271884966047,0.0001789382319257891,0.0014817120193929476,-0.0017987032223210206,1,0
9,A110VR_Post,32.55227450160253,114.54300176601583,271.5410351741474,78.28709308614602,18.205629338718822,71.06555453130137,243.61802032420422,196.30000226051726,103.05095041479564,28.35659606412252,69.94356068798936,11.854165764948272,48.38486319767736,86.83738646210853,31.602530783831444,-43.50381791652922,81.51019026175827,78.54360769847511,826.2880746171666,724.274558794861,0.00041718827153126024,-0.0013761489393387199,0.0005204169078901761,-0.0024997949136564414,0.0007670040760900684,-0.0020304751988795286,0.0014262855571110045,-0.007108284334470949,1,2
11,A110VR_Pre,153.25748404184432,-35.91712853669077,-25.754026636093165,-49.641606053719734,-52.04223441777288,150.68634330310775,12.095114422024816,-17.569241309662463,-51.06517813176927,-45.6860197745924,157.390555541105,-6.681528965644739,-17.17385668622996,-36.32076138675291,-43.48356064691809,7.921395477653795,88.0621727960127,-25.286866512337973,55.10023658782347,-21.97812907282201,6.860385734005969e-06,-0.0008460305444718286,0.00019813044953228995,0.0013385080028697881,0.00032946954145511077,-0.0019408620725826866,0.001223553243199584,-0.046164957327214914,1,0
12,A112VR_Post,48.157963898592925,10.761544153644065,89.39847577819585,107.57803092990194,28.828880896358868,18.988822868823384,-7.527874781518866,104.06494616211053,193.18099955537355,53.722147967748214,2.24106885361734,-15.041494932221102,-5.914019439485346,67.49041137855262,71.81302584422876,-38.69826619397579,-34.05898736432492,520.3505471753391,2136.502816376368,1734.5709174745962,-0.000437772975969904,0.000220731030081522,-0.0006111503338676637,-0.00019679694780108258,-0.0007746606910022311,0.0016853793064582963,-0.001674432796885278,0.0011716328209003075,1,2
14,A112VR_Pre,112.52630807009454,-40.46479747336885,-10.461385962218188,-22.34135175922401,-12.100782375027922,31.09899501082664,-32.40052813430063,19.600548633251876,37.112304891819676,42.61303922457363,1.7674808044215138,-18.597709515431664,-29.503830795557406,-7.420085782870888,29.88529835005666,34.85184426721509,-19.554264439773032,246.9327321216135,221.34086797312747,57.01561126226204,0.0005133442296031271,-0.0009154685050814704,0.00012117961375842212,-0.001116122889448492,-0.0016035388128423978,-0.0035953906261449657,-0.00497754137291381,-0.05541447917896316,1,0
15,A118VR_Post,60.33809472111622,-15.772242102880904,62.78705653907173,-44.859849772642775,-63.62280877204939,-22.814213162052123,56.35074329215484,110.55809875835223,-38.16238419074078,-20.939935177725868,197.94691496038124,297.84347958216904,354.11497688095045,83.7809404127354,-27.71214934552999,-21.96182965301375,9.57857339172353,524.7288964037526,-46.96755278218955,-65.25526163234888,0.0002948119157452798,0.0027059775599590752,0.00018930410318111098,0.004385767163775792,0.0018937922996001026,0.004569384126109602,0.000421116683711136,0.0002950863048742884,1,2
17,A118VR_Pre,283.6085707641987,-10.365170968786948,-52.49916596054934,-30.91701968582312,-85.33574458140002,56.101151290787264,-0.40218889902401767,0.9426479503091193,-15.334774990756724,-73.91856461114135,338.37913666687575,160.9069536099252,33.919664204193225,63.31641603661418,-61.94087527274949,179.39175057226453,74.46856740693049,-15.836289930845632,-74.03326983413835,-91.90069960694547,0.0004038723504460634,-0.00014027458597364666,-1.4268979971856285e-05,-0.0003674343978083535,-0.0007125229979905631,0.0027808872004526754,-9.340068878247934e-05,0.03933876055860485,1,0
18,A127VR_Post,74.21163872572846,-77.57419290206194,-78.02901770779073,-76.10071101652348,-58.13630416896514,-47.50322453764617,252.14091449362832,827.3327927257102,437.4140552756777,138.82904413464726,501.929073707057,35.36253553857316,-56.29179064115966,-83.5169198629556,-83.02860173772363,715.1494185911113,-38.453958044093724,-84.15717320701562,-89.51479789252379,-87.96457939765642,0.0007457481307680192,-0.0011850436376484102,0.0009947768667491414,-0.0015101715349111534,0.0006357001857511572,0.0006397657693878972,0.0008441709915842471,0.0005912295333840102,1,2
20,A127VR_Pre,59.02769470886773,-73.60007112908195,-81.12939929779145,-86.02219048537712,-33.71666741269521,37.880224638682016,41.33442327810371,-5.229942718048726,-46.69607544243311,-62.347403574800985,938.0348312906877,-33.49152909586494,-91.0540633183701,-96.73509563656101,-94.54902442855814,792.4418052534294,-38.19944435715647,-88.5930766319382,-92.80869691719627,-93.11604798575931,-0.0007540503965565496,0.006868861937902827,0.0013738777643527795,0.0004012520417177847,0.001260633362959439,-0.00267463565793453,-0.0019137121442388179,-0.003599845645629876,1,0
21,A134VR_Post,-47.448349093564026,98.09934843620935,383.61107373697666,547.5868315626451,806.7411017684002,-23.928689646568536,-26.049629428808295,33.49634271755951,83.80271663897356,223.44224326709246,-54.96804191123111,454.0414637485638,996.5723184793127,1060.5547895226482,1016.952718168845,-46.474194255783615,7.848617908400338,229.81180516308015,701.9738300817486,2670.0794100719017,0.0025202074782845027,-0.0002502692327032947,0.003106434574000391,0.001287134583126391,0.00106064826353895,-0.002731782933900749,0.003541624525752378,-0.0009790612466100655,1,2
23,A134VR_Pre,-40.30106175490275,170.8915438359199,457.7630703663041,569.3386682533041,391.6123327097537,-40.26209738261514,-4.0278412584445284,99.62302504845223,185.37498864873388,107.20327742807581,-35.242509333088975,420.80526138011913,929.8577974458223,981.6788362243238,372.4806208419803,-26.26254067839588,-11.02414209800353,90.90785676931841,115.89388543320015,606.6618162739634,0.006062824207066857,0.00047561671470305796,0.0028100483393794606,-1.8492707417738583e-05,-0.0036060703568367037,0.002084642673138014,-0.019567610777999858,0.011175230303829059,1,0
24,A136VR_Post,1.8225041396943906,-12.659145286378429,48.851788463953056,11.670538086874974,116.85394737976256,739.524460150988,3.8783132057494902,-53.05328679588667,-69.30547805764556,-52.083036753379965,473.5070863780974,256.4790638009235,-23.003797695067387,-70.14814784630042,-63.433972010185336,18.54864633457808,-70.73350088243443,127.35346956980254,258.2495345060857,624.0703662646196,-0.0003005467186921106,-0.0005436701007197838,-0.00020129037782585238,0.00019376604836675472,0.001007032405226581,-0.0009128679416535853,-0.0005666910865371014,-0.006187102852797588,1,2
26,A136VR_Pre,-23.47878052029827,44.49821146637835,327.7434314496538,53.27913732026507,131.96826256362044,100.86193663046612,-19.92086354244788,12.81796891020838,-16.188936558082254,1.1998127953112725,73.59680054078882,72.88251538079919,47.319255870232205,-28.162017183977216,7.268091041547335,-17.804199929472837,-34.96955929989343,277.67181038644713,147.96780245906413,636.1657330647081,0.0033594019260223397,-0.0030996642731088457,0.0005598240562514203,-0.0006943239052083123,-0.001323525625842315,-0.001497875438250549,-0.017331750221856228,-0.0012019959452590709,1,0
27,A137VR_Post,16.91944085497314,-76.81251375423349,-34.583175484341986,-69.04688488197796,-54.128384162263984,52.920415030244975,-46.7457675647274,18.341181036465905,-64.41040172925618,-68.40414368710213,8.794117230904384,-39.91736405557607,5.877417003045296,-56.03404999766275,-37.58051108922152,-33.538404668688436,126.21317404814188,514.15559582262,516.0409097272559,293.796757232849,-0.0007454001074496342,-0.0015127229788763677,-0.00014312822084289786,-0.0010905755245034481,-0.0018596347659048113,0.0006047606637401348,-0.0008853958753690191,0.004789585109597026,1,2
29,A137VR_Pre,-14.578258094385955,-36.036173104663526,-37.62758843606131,-35.08487236745228,31.59071516911416,28.528410829359046,25.648068845915382,-35.59657554555756,-55.39272203729774,-31.461782624385805,-17.95200315309003,-7.001828722977231,-31.69645684632843,-50.24954996771531,-21.01822967908065,-59.97028481898884,55.95533805748729,284.73630041646027,1378.6156529589662,1415.7512664795242,-5.489625899317511e-05,0.0002128801464228589,-0.0010217604314291717,-0.003766107259545882,-0.0008137355237453536,-0.0003485068073600201,-0.0019053596805058883,0.00818511914554774,1,0
30,A138VR_Post,-5.930107809894252,33.97768355292109,90.5262996857092,324.2947119338458,687.3253008734235,-10.342017366669033,105.27870977132163,221.23838035591316,398.21974076945247,278.711917943714,154.48761913212155,-19.581711152073474,35.26353556548572,85.81867436574578,7.291168609864257,-19.88247119951182,7.342335819557875,526.8807625221287,10722.30039822941,13518.480400840983,0.0005539342566663631,-0.0006415797430006141,0.0006542262587450959,-0.0003755313544451115,0.00016346456717121065,-0.0006310005585525229,0.0012199765554786123,0.0072495296905641885,1,2
32,A138VR_Pre,35.66973588277157,-8.58729348966676,-69.34032187167318,-61.740791952575,-6.853786429674225,-32.918785647823626,55.752881128395806,125.87380467656577,326.0578431255574,465.4377539619756,175.67445804684027,-29.55183841578099,-17.03330224059241,21.688180956360238,10.702411404703247,-7.38472597451652,-29.089181551964842,254.39302369021956,5297.658538960285,8931.568385948334,0.0010669745586870702,-0.0029095417999724545,-0.0017237221403369196,-0.0033653473194590823,0.0014058540016786926,-0.0011502715140126365,-0.0014057908870458435,0.002235668960521433,1,0
33,A13VR_Post,-56.24755332798205,221.25300679480097,450.01037489764366,68.6376268097347,-22.85875812252909,-50.700942371855064,281.15638188654594,138.15752789786836,52.03781272205501,-39.82062665595063,-64.84605047554372,34.599527881928125,175.23820184527736,796.1367823395808,1132.4056968738614,-57.5584153380004,115.6029094484875,1315.6865186804278,65.24730556754287,-65.50601802166398,-0.00021273779572482355,-0.00012879436188369673,-0.000720663795314461,-0.00033431008807265365,-0.0018424306531913245,-0.0004078914270033783,-0.0005113531174326604,-0.0003084512136546628,1,2
35,A13VR_Pre,-28.899290353301893,79.81225212345177,42.549933121466154,110.31506065054461,164.91982257174632,-18.763911290172924,43.40100451223222,-6.395869258014872,44.49372716470609,57.733512612860295,10.436299359713871,49.214154802947235,-31.12168544994945,-39.900325282590224,-62.754003033022954,-7.310048669492736,-14.030446008249516,35.156319581535556,46.65946039745099,67.08285199144099,-0.0001693621590225831,0.0006182892068759496,0.00011237581113841953,-0.00013410695520476145,-0.0006448375526920539,-0.006237015962197213,-4.518566500135293e-06,0.00024460123869031583,1,0
36,A141VR_Post,-63.64983291380045,41.924601533226046,69.74945643530384,96.60701772393658,129.71803351127966,-67.71034234015741,-2.2954700181443206,94.17931902171179,150.33252399962709,318.867554178144,-64.76479266966032,147.26614055536692,946.1977152723683,1034.4545842734112,569.9171314619388,-52.78462369027983,768.7954995709257,519.8193730030374,1986.2243050329096,2037.519796214434,-0.0008505686762573149,0.0008157404711967657,-0.0009352628668159857,0.0008717477028315644,-0.0005129101521436349,0.002684510725488615,-0.001065471492554863,-0.0017171036268233274,1,2
38,A141VR_Pre,18.648249007548838,-40.06188619200755,-61.73769570074168,-50.225617014128524,-43.9988904363694,3.156685838658103,-47.04269182220456,-14.689201264617994,12.102371734826004,-5.233604337732229,-31.28819324152573,38.22621588720406,144.56484308492082,56.76849183846746,109.47792880600542,-69.92457968182902,538.146598425437,529.7950085562314,2460.5718359051,3667.571755773157,-2.399652504542818e-05,0.0007542370777319248,-0.00017312911169645254,0.00011789665161970277,0.000715005677764669,-0.0011131569224437819,0.002269141287682576,0.004188915126741656,1,0
39,A142VR_Post,-51.05966128632038,44.294553471108934,290.5974589671105,1593.5243918362748,2009.3966606885367,-50.76549520154544,34.44977677921372,128.76458404511456,399.39008193086386,637.9618816927549,-52.89690870098126,596.613351801632,1682.2376543093565,1883.5652488802787,1927.8005758560294,1.022016935204972,256.09307136620333,413.2834791997392,759.4272925567905,1508.082502100919,-0.002833347893596468,-0.00018477955732658868,-0.0035385420940652963,-0.0011935206320677527,-0.00459827307500876,-0.002240880171688522,-0.005005163705478053,-0.0012338559500189334,1,2
41,A142VR_Pre,15.238717039631277,-49.524687076066115,-35.486236030144056,47.2445031576497,111.55447232191014,-28.570345597098818,-9.602319551130556,-9.755661926965645,72.33052187423556,340.2309663722343,-36.83016818618235,643.1949559896707,1060.3374315841622,1205.4502203077034,1595.9175201639446,18.897181642863792,81.55053001527753,91.94086993164773,61.647471323633255,172.6480246177122,-0.0010047045351479125,-0.0018066822756476056,-0.0015413559763978934,-0.0005038155624456122,0.004738604474390772,-0.0018298252940189802,0.020529931142106127,-0.001776537305686608,1,0
42,A18VR_Post,-49.2058241603475,-59.980022244615405,40.032337587518164,805.5999705554221,968.1571407778098,-13.481778483123948,-12.604245394406993,-32.99308157906765,-23.892953629175825,55.94591771140118,-41.60087705026437,16.94725607397763,103.27822171861499,-17.061518011824973,63.49291607208738,-6.3077963627872435,-29.58760590989985,164.82764805080947,1668.6157914155951,2075.494160090414,-0.0022812163902103393,0.0027507912732229406,-0.0014085090431344845,0.0005066171858477238,-0.0017432010200124678,0.004537849807912833,-0.00020594388113452994,0.001752968415492578,1,2
44,A18VR_Pre,16.75057798117493,-30.99558448658793,78.70924490907085,925.0232742631036,109.03837375386738,70.92832956305875,-46.53521873664914,-65.67245755720825,-77.98559253576032,-80.15834213936589,-9.621098156745173,57.77627390823032,7.769945517308726,-39.00865393669646,20.57243074240706,19.16399575335885,-58.815292889970074,-30.735656034321217,100.2138597725226,-5.164204886257678,-0.03515048427109548,0.051124279714799846,-0.0018831425607307502,0.006888268362127267,0.0009438736003516753,0.0037276116623674222,0.0022986919487532867,-0.03684431777411137,1,0
45,A19VR_Post,-37.84500334249147,-25.898481538606895,160.46194487875073,155.0803460976048,63.47523887560389,-74.4644622075087,20.687778054830357,114.14655266783653,840.1665393161235,1055.6745959793807,-61.35953127089395,53.17971826136964,459.0431787788529,1076.8802123373473,520.0829540567833,-65.24477581332447,80.62158755433462,178.70523774554133,2216.1988714207737,2023.5037480227465,-0.0012862537381106269,0.0011883589271488458,-0.0009375383910319855,0.0025692879555668526,-0.0009437643593790512,-0.0011343172823632197,-4.956713791627825e-05,0.0011669167830304025,1,2
47,A19VR_Pre,111.73398109665396,145.20849950992107,99.18474559709271,-50.81428600539466,-80.61354727563807,4.378649713195431,124.03115237400371,126.49965379897021,98.57194389940956,-52.06308316672199,10.631380156107822,43.41677656530803,147.2892049411489,95.12412644184569,46.3313792433537,21.478690805327922,-18.290137671921265,9.693102502019086,-45.085507866514135,-87.0296317129874,0.0020197953072256373,0.01302527541269283,-0.00044109496593781595,0.0007476293424269115,0.0004657405117240756,-0.0018105686911502026,0.01684094726778206,-0.003891746944831913,1,0
48,A1VR_Post,14.20537001922077,169.80141182828893,535.977016546594,124.65308444428764,8.60787156976637,5.2372054763008675,70.88399808778289,-8.657937503645366,-74.40660279711221,-64.53258485960338,2.340368974068175,199.264875538377,23.469699589028963,-44.18243771613101,-21.02931107656384,-62.084953914296925,-38.86261742890614,390.80606944270886,118.92131220567788,293.9615343797042,-0.0005347156477470823,0.0036390710524912355,-7.500712599331057e-05,0.0005927584188121897,0.00022836560802968624,0.000406670671158995,-0.000861428898383859,0.003628607033677496,1,2
50,A1VR_Pre,199.92942788206872,-21.075747403513923,-54.95491791880074,-49.57397708239736,-50.55932365248322,7.904460942836389,27.45961239002713,-47.05151944247783,-73.63082913177594,-64.55848321000431,142.11737019396793,-28.94747537402058,-82.82826008673571,-80.50594515765378,-72.1681373532506,44.81903329332952,-58.85663801522296,-55.1835914641574,-42.74764669180504,-48.39532829262338,-6.724335586099477e-05,-0.0010542555632072916,-0.0007791236030386282,-0.0005663059536370713,-0.0003058843085071019,-0.002152689624621377,-0.0027883473012213188,-0.006504881020713914,1,0
51,A20VR_Post,-3.6874744333891916,356.7858965199887,522.7659235035898,266.55599323156366,-15.476416906478624,-9.205711243327007,179.04287587598571,54.21114757221507,73.41223481746785,12.079319751020961,-5.1477987625735135,355.7179373518853,658.1628410076236,713.8653630185901,15.874911021745378,-55.766257010156,176.90474397667256,1027.5566092922397,472.82779348515083,90.03373430846331,-0.00036069746062393433,0.00038205075201122845,0.0011217289283748026,0.00032920973400764775,-0.0003823531664095108,0.00048739635348298477,-0.0004935929394797584,0.0010147428936040372,1,2
53,A20VR_Pre,162.49505224197773,-14.611958447351453,-68.43299842012978,-76.71231267742996,-90.35024095001798,15.870544565926926,65.0099546954757,16.37261886901868,30.271953640385668,-29.029205773261165,105.6549152240889,11.658039615024455,-47.05091013628397,-72.22158938856303,-78.44432203547271,19.03702824557163,-33.5508823176072,-49.094569343623924,-72.10557673344938,-90.49626486824741,-0.0004679358705508143,0.0015313349014248964,-0.0011230380082432267,0.0011472446824507291,-0.0040519873794818305,0.0073883656049662395,7.384301416970407e-05,-0.0020299535774567453,1,0
54,A23VR_Post,87.93343932256403,106.68443853775373,937.2289089459347,500.2156558599169,-76.01838615370802,-40.04523128077646,175.7014242164419,1170.3278667445325,550.509373980231,29.876196626109603,334.6521114058716,445.130260998344,260.3016815346739,80.28177332649264,-77.52711598948868,-47.87901176729895,12.918025490594328,7403.569969555646,2967.8916939092323,284.53046113728726,0.00023758138616232968,-0.00019634579311468244,0.0007678382248573005,-0.0012085110139863576,0.0011695182995200123,0.001818814799832239,-0.00030212240924203885,0.0004225462715855763,1,2
56,A23VR_Pre,127.48880177761647,79.31003648035195,60.1510782868575,-39.70507669901335,-74.81294420782298,1.5782732970632878,35.37913706565521,309.58931139031137,20.783308517613733,-29.47899586316687,146.32850555470114,123.90638306161965,90.48023883575522,52.24725499349464,-14.166765271077834,-1.5585055375539651,-37.80102635645306,139.07239581169236,-7.687919225698946,-76.88729997497045,-0.003880228043802208,-0.010870217828210835,-0.0024296594753020007,-0.0014172767227980164,0.0004691236492763961,-0.0022419934565873776,-0.009115422924627407,0.0033848331133981982,1,0
57,A28VR_Post,-44.267533060141,94.02349829760749,623.3854991575212,245.46628400920062,24.184087309754258,-62.10503537813945,582.0166031117773,299.3010379291638,680.4569478408742,155.61281285305176,-25.75993996150281,20.032891635593213,33.32511589002264,210.66478041765282,15.773663203621485,-23.611484279390186,14.892506719528722,261.2138770945219,993.2100718657769,738.6076342596273,5.460097315113878e-05,0.0025301121280582144,-0.0001593806042072951,0.0038129249364594934,-0.0002492938085267601,0.0034243371514775006,-0.0004550230747934212,0.001079157357592782,1,2
59,A28VR_Pre,7.82820750166079,47.33659796164615,242.39736029787463,104.10808130657583,37.93651767802814,-33.26600607716626,199.7322508573317,135.3854396738283,337.47190826784924,256.00995518220583,72.39384341609744,50.30330483433899,-20.483777973642624,-32.82547445552627,-73.34824530618805,21.362616345920888,-25.075217192996607,-59.207860616459925,-68.19267757242503,-82.2815396802149,0.0009787108903367026,-0.0004974375253277532,0.0002813132393964494,0.0005095989696816673,0.0036780888620936048,0.0007392813842508783,-0.0005526986647256752,0.0009174050994873841,1,0
60,A29VR_Post,27.00098451581464,202.638984905354,771.3105473102905,213.08337370654885,-19.114872298279305,10.095676962499416,145.52387889563937,185.20190217193365,133.6975299332198,-53.818045072533714,16.388006230780093,427.16886988891144,860.559249009091,337.10356427309785,-17.361949854577034,68.11500046536722,209.08881340608207,147.79546227507535,-14.159311579407202,-79.02408890413598,0.0009354947938463378,-0.002610324493565923,0.0006331079221389518,0.0007986155840575182,0.0003957565456703635,6.917356073413479e-07,0.0007514982791447055,-0.007355767484961047,1,2
62,A29VR_Pre,54.4304212221319,204.81849641411304,106.20611211748863,22.51903996849885,-32.32924987283787,37.684047945021874,65.19622728020502,7.720988000933858,-24.322819911740336,-50.43754891965193,4.090096534594909,319.48957067678225,383.729788485955,170.14381734187427,15.408662709174436,75.68033884054284,159.7132248521392,12.940681274409545,-41.3802733670902,-75.12000199337264,0.003118525667870726,-0.011259530524080576,0.0005013513783903864,-0.00949038532819744,0.004493384510632572,0.000557479884529852,0.00521264681981006,0.009776656569808362,1,0
63,A32VR_Post,-21.229033244649433,50.69619901698279,365.92037416900985,356.2562120357314,243.17355809699043,-11.202210750501655,-22.626874528081085,173.45679205365835,388.2530664809412,230.1686021070392,111.47940831488121,38.63319669354052,393.3036232719532,239.63205985948392,-53.483714649747384,-32.42216928530607,532.2673635914423,4157.016154296744,9120.783639408923,4885.200056089187,0.0006741061474391692,-0.002641776863325726,-0.00039729388038422234,-0.0006533759618102306,-0.0008257345503982572,-0.0001234430846351147,0.00045498250285661826,0.0003586755993745035,1,2
65,A32VR_Pre,-10.549777708841754,116.41024832372706,59.66928229051823,25.294601479554977,74.43598337399717,7.581226363307119,-8.999102468579544,-14.30878430732006,16.79168849439451,-1.3906983699367461,193.2320008723874,-18.044924535974623,-59.90592929063361,-86.93338704411437,-94.99366733428847,4.616459134736928,422.5685020290873,50.70008931709219,249.49986340939492,74.32942836308094,-0.004828133320953695,-0.0007429063841543967,-0.004669464941326028,-0.006241960950305689,0.00018350564442792315,-0.006776349796508537,0.008470135991181474,0.007171855067429155,1,0
66,A33VR_Post,-9.383046305875826,248.24141193634435,-64.54138717583092,6.698067465479543,-42.0124170689146,-8.583564227888905,119.91217613869468,196.88066382124657,274.9568839202137,479.0359682297648,-20.953033936728445,82.01824302782747,38.09606965230049,15.775498498844648,54.32138234679847,-22.573734567754535,117.39653282867282,429.79567850479714,112.77288443199207,199.33491465967992,0.001301292509823516,0.011485887306199677,0.0008155995733055626,-0.0006689379560799098,-0.0007553546325243386,-0.0008960916219452948,-0.0002625229771710516,0.0003275822860237599,1,2
68,A33VR_Pre,14.074419864432889,-44.55901212050692,-80.56821523454857,-57.7787108912599,-95.21624916395656,8.040146414125552,-10.041685470494926,-47.09256300616869,-44.620888058201494,-19.180800724427204,7.1322087155696545,-28.917187078431162,-57.6519752632803,-50.688063349868365,51.05592942375603,-2.4363121586481515,8.231007330323576,-47.532647713884195,-70.2547311158893,-67.72660854312403,0.0006036159090593181,-0.018827256210324,0.000508679020087499,-0.0035147844858060035,-0.0007258570876382063,0.00012814839190644278,0.0010603349847596282,0.009274652277412709,1,0
69,A37VR_Post,-22.262076839393664,189.57903638087927,149.40304248073315,725.1752155683215,1541.709244123877,-24.463645306729145,217.7603820401365,779.4585009274571,1798.3182015435639,1612.842611080012,8.50989065689332,129.9969827028684,147.01927741732234,160.0621532270207,-25.076287399098383,-17.029700433956467,101.18492679794207,468.57630544494305,1014.9992171268417,2387.1597209803917,0.002409259546259688,-0.0031311775049978675,0.0005103256718274512,-0.0012308056184885735,0.0021925307783064434,-0.0025479759533837145,-0.000514888546098969,-0.0026990333879293765,1,2
71,A37VR_Pre,-12.714463362872905,144.99997629552726,45.602960445201504,1290.465745590595,1734.6937412092348,-13.948994039141205,259.74705705271896,386.34939509547553,1881.9046128457771,718.2349685992017,9.862233105068633,596.173958368644,518.2374848704975,644.4160664219364,-52.95894331172266,-7.545560357098094,219.51158085742222,27.249285013242353,591.1046225461238,826.6039313617338,0.0010307736893572892,-0.02709782347882817,-0.00022870908425772112,-0.026127612420742016,5.457048688300758e-05,0.026061687817662386,-0.0042954076477758054,-0.00549858609625541,1,0
72,A38VR_Post,-13.74847932553071,930.6317223195044,708.6215299671186,173.01857127820196,634.8260857948164,-20.785525062407878,511.78016749578757,1145.5488404344915,512.7861828374496,555.1360437144576,-31.732532884587073,209.89179487452168,646.1328508999316,442.6564595317843,1305.309471308738,-38.44710400866796,528.3116018528347,1402.049796727383,555.4016872847685,160.66324244312383,6.592160808936522e-05,-0.01930944069404008,0.0005812672052036575,-0.004136968721888604,0.0007548822595878816,-0.003991451480749936,-0.0003279440210207646,-0.0006061625897432252,1,2
74,A38VR_Pre,1.9000623313474605,285.8414722433694,108.87691013124625,55.96633566487292,72.3166645092658,6.464363605436054,358.8760453428179,424.409143503879,485.2595651545123,390.63568657491487,7.645260056649408,232.80010469434305,324.0216501082093,200.6820908601522,190.29120187290195,-26.676216674802617,373.7455390241403,170.01631538145435,367.56366482221136,657.0071348951748,0.0026159084154987982,-0.03865071670320202,-0.006604055330384595,-0.003285976090938311,-0.007327904737950192,-0.00010684709387658516,-0.007756655632708173,0.006331393446728704,1,0
75,A3VR_Post,40.73624945907348,-35.200228281474985,-71.88564962876366,-90.65494320100757,-98.06167480110366,-4.541127282172386,-55.34957147907972,-73.42447987286793,-77.26609900825643,-82.80222592750445,5.782206929522347,-67.8317959089885,-83.92794746319261,-92.43829331901516,-96.09023081572691,44.67380240105783,-63.33742690943291,-62.399352178810894,-92.39468121938364,-96.11175568399322,0.00012526268659652582,0.0035829512911138596,0.0009081227506834473,0.0029998755446935346,0.0004094521056333971,0.004436323799256931,-0.0005936151768344555,0.003481076771207055,1,2
77,A3VR_Pre,22.846295030747612,16.58124294563518,-58.32893850523689,-37.65565695150873,-66.39136727646037,-18.360042228986494,22.97796041328641,-9.083911815890342,5.576803936002728,-4.357741242092646,-0.7013438009523189,-32.254124870556495,-82.41731405153617,-92.14955364939003,-94.29393029256057,16.437215371198445,-13.263623972337255,-41.38085238629199,-39.154997617704566,-51.13757395185215,-0.0013492272062358773,0.0005674264739118743,-0.0009681211484649046,0.004052759737991038,-0.0009962291709167818,0.01194078168621147,-0.0006806144636378653,0.003294217099005389,1,0
78,A41VR_Post,162.37631574016805,102.5146094398047,56.710068208630204,68.89287951154795,-2.9801950965099286,39.825850041158006,1.385146967825522,-49.064137838915514,-37.52504977813457,46.8111985857868,165.2132799453873,69.37842299785723,-14.479769590030479,-18.10673448682227,19.026894579246044,232.10242872957113,139.58614858477952,82.3826396086646,-13.524937857612873,-58.14681679252911,0.0008729002614885937,0.005672397409240761,-0.0003011338976753007,0.0001649556636855496,-0.0005546562525365437,-0.00038246077973074026,0.0004352744137965487,0.005069257346125725,1,2
80,A41VR_Pre,203.97170057360486,68.01126833037247,-18.674082601650266,-17.18532112067606,-17.120937580091812,13.672185163290617,22.97543501936468,-33.95092274020789,-40.70931483615604,4.667319133123677,114.0491200920211,80.14080868629176,-35.90140218462441,-54.165347981822485,-28.49239549519807,192.14762955082813,94.67755250431532,-22.847632906628345,-18.478091030321767,-21.15074001058585,0.005608245203183594,-0.004172233263129055,0.00025985628778235425,-0.0003825116337997695,0.0010295994302488346,-0.001090102841329892,0.004361188533296069,-0.0008375046169279085,1,0
81,A43VR_Post,1020.1651265036295,928.123957564714,1092.8144724049655,248.5491982068295,-15.626845969364883,65.53731240699736,578.1449001425508,30.96875052329029,15.883488132318636,-29.015957305978812,31.520329871998705,179.13024476482684,98.21383968215487,81.05678073115082,-12.367534419451802,796.268153920922,1831.3841656728932,2292.855622043149,292.23111307402434,-64.25608080103521,0.00026300898599562126,0.0014563864925278226,1.2512860712683013e-05,0.0058240844925080216,0.0006788166970640971,0.0033651722691561,0.0009685474868059059,0.000976945436815709,1,2
83,A43VR_Pre,849.2096270375249,321.55314506919007,109.49576853284371,29.589487727020686,-23.55727789560359,78.92877326435413,130.39530700702994,-37.91427653878813,2.0584304670585953,-17.83646673697057,26.752899225233456,-10.209178261265267,-41.393868426795116,-19.727309008643683,-13.905633340997628,322.31323322760136,718.4774802738867,401.76884010055795,121.65478029113636,-26.188621336855437,0.0009048350821041474,-0.0014801326403229265,4.5390502370970125e-05,-0.0008577782839894328,0.00144184421493959,-0.0005947001936273372,0.0022756709748052053,-0.00487944145136935,1,0
84,A44VR_Post,-9.589060162994153,27.776998196326048,220.03700752166205,102.83380654875907,-18.95192990505873,75.63873902444183,-55.55668605321603,99.76004587780056,44.46988404558235,-45.356979088869814,-3.5194156138389943,-33.44198203727849,132.5026015624356,14.521397031402755,-44.87282186633947,-7.165396078350607,17.301065261229425,507.1782557944584,32.14700671489875,-72.32616077168349,0.0003952758520764538,-0.00014287937491136432,-7.294817919289368e-05,-0.0006509421645832095,0.0006735029416046762,0.0008614193303432264,0.00036147907542267825,-0.00018277107938715272,1,2
86,A44VR_Pre,-26.80298039759366,-25.195500581757212,-13.207940812766328,-19.06870719201327,-33.28119217959404,157.73564322487908,-66.47193612666773,-70.24315577079403,-82.66356336237044,-87.8319870517016,22.828608011109342,-52.909107249380114,-52.42004319919007,-67.00599909659725,-64.40666538086236,57.731825130643365,-47.150053552533564,-67.00358086524825,-81.1888206330632,-87.42565199100241,0.0006747636228485686,-0.0016430989448549818,0.00045998946408245736,0.0023847241971995644,-0.0004719211647389437,-0.0005557886041987062,-0.001667956980196591,-0.0018042649301530022,1,0
87,A45VR_Post,-61.43567744297677,32.94939908101184,621.233113902195,321.96514253622246,76.30274838871522,-40.24058893127451,16.306179657948718,339.2669863345817,226.3273544828512,-13.305613598586685,-30.506153722332403,12.114624646404204,75.0695234964704,6.901824274046053,-28.49629547768055,-67.4641637466971,-54.182300284271314,1107.0437691960653,941.2335379276493,527.4505693211831,0.000948488861988506,0.0008954663039263543,-0.00031005194682030704,-0.00012459627303017183,0.003573740621581422,-0.0034541171211008533,1.703963560886051e-05,0.0002237934481312993,1,2
89,A45VR_Pre,-12.627701328907866,-67.12929812831744,-33.35385582589412,-2.8946116958393637,-17.30567372485274,44.797572114774454,-20.18708303227998,-52.246174148221805,-71.71590536515082,-88.43880301616716,51.429763481891285,16.53225380334665,-45.526285387288446,-81.63311179741416,-93.12113801751508,48.66763759045013,-80.76241119186362,-72.41668959690317,-83.8585147588474,-92.42723068663248,0.0010398159276985882,0.0017116646349903497,0.003289259001045386,-0.00011629251415392444,-0.002067973589900969,-0.0016660093966973887,-0.013457688573091276,-0.004202322950627227,1,0
90,A46VR_Post,-10.100047699598598,70.21801133610242,222.52625532720648,-26.436539958106774,-14.182411037090798,51.2311359420296,-8.616076059478663,289.22387217982805,3.9932907188182987,-8.073435438104955,-26.547193567194547,161.54528585151968,517.4819984903392,169.5447216882317,55.359387782427696,96.71814985751539,159.8882568053326,230.11088608365918,-65.94121162925859,-58.46010126637105,0.0003969012009157118,-0.0011172073419260557,0.0005293829939360426,-0.000562492935707772,0.0014765803680185535,-0.001564718346713911,0.0007060743625891674,-0.0009897036286130075,1,2
92,A46VR_Pre,68.29240721130526,12.981179481380101,20.99075821760167,-0.39971635880432493,2.967106209177316,194.7413323530118,-57.1571438764079,63.04920722935377,1.2987482529439844,-1.5665579572289958,119.73069465577989,8.122966888020636,-6.792230159969,-46.103478998641236,-39.64510189320583,236.80108779714476,67.16558115821513,-27.993820012895558,-26.438352133600652,-7.312236197683848,-0.000328316327395814,-0.0012407573444804488,-4.7406622534233995e-05,-0.0011808138263493045,-0.0007565238899864279,-0.0016938911029091537,-0.00020257250960927208,-4.500352515738778e-05,1,0
93,A47VR_Post,-63.00235464078359,283.61632975991614,158.58999730183953,139.33020313148026,223.45669338532736,-63.78339109458505,957.7952470032695,503.4465537775047,843.6547258800994,884.2378831949322,-57.30713037679541,78.2350600507109,158.8836483333458,195.31368264011334,307.87017387796897,-54.72780082161841,686.0751747827126,1087.8880927120758,6735.774189009893,153013.42232968172,0.0013994234893043274,0.0018526181759283328,0.0012843947147134862,0.0023603232831161105,-6.705041628320465e-05,-0.001462699049919189,0.0014523781364984372,0.0012177071545744565,1,2
95,A47VR_Pre,-49.526222413347085,225.36721101824665,168.61513478255162,238.31856682363383,241.91461162429405,-62.37399965567629,910.1587086475648,524.6449243876086,873.2631057929735,966.0637093742986,-47.41184205122525,94.53446741933418,88.63027206255624,141.12549058400282,284.43400910220373,-6.123756841845615,718.7906058849504,311.42444013580393,244.89494730809108,3173.9573719244822,-0.0024091636331231175,-0.00027504400808580314,-0.0009021356504275278,-0.00027983575889361405,-0.0015363656015079585,0.00018932487630751014,0.00448535386774718,-0.007055516168712577,1,0
96,A48VR_Post,97.86811151586674,42.33031920594946,4.934282370217478,-11.000990666382599,-49.66635595672373,-28.124678270316483,-1.8467749160698501,59.71353127842863,50.159482075991725,9.799367482137537,104.96919654910073,57.47411903274664,-5.307052704678361,-14.287239610330376,-44.86344974104742,75.58678030148518,-23.4799103829366,48.50032358700202,48.30874982602777,10.793246323631466,-0.00956111811380733,-0.00537275741186357,0.0035079760635930326,-0.0012349749544812792,-0.011950683192460633,-0.006848253087455661,0.001875910044685134,-0.0015820475374765893,1,2
98,A48VR_Pre,113.74141556348336,65.20812540543946,-19.348668776660638,-47.078653940078105,-59.76442174736011,61.81673114252316,-1.8465946391507708,-33.966125832232294,-42.52167802575071,-60.99809628023547,109.71501152983704,48.02361609980533,-24.823932687034752,-27.242161920001323,-48.11205365626113,142.80249890393978,-48.90514291409373,-55.09985423137175,-65.67658678675097,-67.96874405908547,-0.0007328311155525035,-0.0033686032884445317,0.0021438363228067003,-8.81781541356905e-06,-0.0002865620157067273,-0.0023930583810874975,-0.0017755240451345295,-0.0015521405091340511,1,0
99,A49VR_Post,52.70456621730754,114.85634857801853,148.19240334229337,29.999066447620248,-32.07741390561594,201.927255474127,-46.09979631385375,-58.60720108383901,-63.63224934456042,-15.53841606029536,72.79175672151943,-22.381476751473254,-4.93337597067806,-60.87312497408938,-66.23166259150206,33.00646137842411,-27.046562733153767,432.93332687313926,426.96570954999834,1777.305837799911,0.0007939994142974095,-0.001390846317528035,0.0012062322083794424,0.0008295462501477462,0.000886272112200662,0.0009716998548560316,0.0005457009367084986,-0.0009724979619660341,1,2
101,A49VR_Pre,-3.263983537981123,58.2665123572728,-19.38105059317258,-5.055899382042487,90.09362995376723,192.28211189881773,-53.92795149892957,-78.69524450237807,-51.340459816763726,3.98002803227552,32.84771588376135,-29.744410474441274,-37.5710639189872,-1.0895760847406888,13.398136263176715,39.38232773532475,15.194773355532263,296.96629753161346,204.49044528676268,276.7940551037659,-0.010195902635948006,0.001284619801014676,0.00042678888464111117,0.001992193745692883,-0.0019317584790631585,0.0009632239768186783,-0.041048844252747234,0.0005664003544384072,1,0
102,A51VR_Post,78.20668368272989,-13.153757096348743,-4.750999217897304,-14.691717522876116,-16.312174486253735,74.2175042094376,-31.431053660428958,-62.657878185535075,-68.44509228992146,-28.113680851592786,26.86819830537029,-29.703528340962137,44.28092937178741,66.84860039013707,69.03703871792202,-23.25836287495877,14.957936839038624,64.52901106273373,31.771937776145958,35.58459923273119,-0.0008175665165769324,-0.0028800046021121386,0.0014255780514189284,0.0017792100048775986,0.0005184276300310364,-0.0005972914150678205,0.0009797143488744608,0.00019076058052809944,1,2
104,A51VR_Pre,119.43663477051444,-38.971457916493705,-4.828785298480818,-8.502098613034907,-25.013611866429496,84.98118049980418,-25.61293363265728,-36.156704811347005,-21.482332832777185,1.8440357526186506,105.66770859996612,-48.614790491558644,-51.66493004319658,-73.93190681462369,-82.13286109797718,-6.15247869293412,13.526745323223263,113.32035035977268,131.47595781017364,88.39981339277797,-0.007748623428843952,-0.001494782669209919,0.000623147723696702,-0.0023690968609207073,-0.00831015352482452,0.002990933864311766,-0.002224550772839668,0.0008166446054881902,1,0
105,A59VR_Post,13.560309623944637,-49.85005418036369,6.454277430157394,-12.570961720969906,-17.822164113692182,-57.05602669661861,244.40395365125275,216.96166591408402,93.82247155112023,-22.783284128025024,-58.61295849580519,22.918739324583026,70.25161685920676,59.61578726544994,233.8394489049405,4.70684407790322,-73.92163933563405,156.2100558001591,-30.230904068283277,-12.102325664674405,-0.0007521167337877165,0.00024668290380631665,0.00041061255882856115,0.00193567827631337,-0.0003887959200217173,0.0008897404845363694,-0.0016313049534162143,0.0003381083539674019,1,2
107,A59VR_Pre,37.84574812600905,-59.996277106712014,-81.00094914208317,-86.99026978727478,-90.04073241271644,24.181933094176078,16.704281477198663,-26.039819970740012,-41.09058118965198,-45.94793574059924,-3.3242592936236846,-44.67290597245062,-56.909308466729435,36.00655610360708,23.0299951079507,30.538281002516825,-50.2277599499237,-51.21869978658072,-92.08811665793829,-52.7837739087787,-0.001371586466384551,-0.004939115479596629,-9.823797549667544e-05,0.002270916997889429,-0.0004935370876281604,0.0031504361037444366,-0.0011462456500902795,-0.0025258418027970186,1,0
108,A5VR_Post,-43.053204751635015,107.09025494985072,358.4569403041376,-30.118397253662167,-87.06125067205302,5.504064622252728,-27.944389226632953,29.896730315859227,-62.43331935147632,-93.53053053976622,67.57826219512471,190.87442240254626,96.59183422351425,-25.189929458833365,-68.15140626058431,-18.60379284456725,59.65137251888978,340.9737897190576,-58.57424866576076,-94.57862695568802,-0.0005848311388736104,-0.002858214558091967,7.223846587955718e-05,-0.0029667688704563453,0.0005460332511073781,-0.0028260367884542044,-0.0003385259084329506,-0.0014842372366111547,1,2
110,A5VR_Pre,123.27532839962625,49.99038981495113,-42.63160812570923,-66.9521246659122,-86.84393834052028,17.1787122863645,-25.544072023051655,-71.50912629715019,-93.55597195319717,-97.580674060352,296.3627449124479,13.055145070739172,-28.194872129568733,-11.600773280712067,-42.890345159962024,159.78687555366687,-25.858629144918684,-57.07891790467022,-49.30779264483143,-72.23694260653816,-0.0005244988753419776,-0.0009814084932124184,-0.0013794348597669266,0.006698648444139248,-0.00027124891372780287,-0.001158176796986005,-0.0005076946424197981,0.0005193150715601543,1,0
111,A60VR_Post,-2.4825386151367934,148.15911344308458,560.3898266821816,73.33136635816156,-39.34121796319665,269.97708416901804,20.152101365886086,343.4246707431885,66.25041062836779,-46.26229634893166,-33.147902883010346,105.904061576962,1175.5748050172447,2660.4459326953206,463.59857022360023,-38.537446712965476,-48.88684996239405,350.7161217340116,2975.8475263663395,970.2568024852259,-0.001015662153724969,0.0064300866673693904,-0.001056940698847531,0.001803029932919365,-0.0022066234588770483,0.0056617848078312095,-0.0010200398882524709,-0.002139544555083205,1,2
113,A60VR_Pre,8.279369042411828,37.71640295766942,167.52222116503162,-42.596111348113105,-69.58440921708582,594.689334172691,-39.4175980700207,28.96186133897348,-9.146859236074679,-34.87176490395204,46.12372694756121,118.19822147514603,584.6270181383716,796.4518423632034,78.99233899477873,3.192160569623452,-30.022378524401123,119.82883729339238,985.5763387403822,274.0326059716343,-0.00010276506679515123,-0.007008790582035854,-0.0009082964284837412,0.00013598260401342523,0.0029188846417321935,-0.028197548425962914,0.014129748280639901,-0.014909241336695286,1,0
114,A65VR_Post,10.307077983516344,19.04908293986194,-13.236697634969607,-38.82372794342293,-35.04654724204434,61.37341841942984,90.78285345700876,32.17067659992703,42.218979090131455,-35.5881285165164,-43.50956480199684,2.0338645238525954,34.709925080507624,148.61206800243437,72.73809236357093,28.35802243086767,-57.18633254862983,-78.86733866940587,-68.8820291091355,-77.26365343323039,-0.00028337556410851233,0.00042360454385877535,-0.0008161464749706946,0.003934635432574875,-0.002099424741387059,0.007088252738484848,-0.0015876255949433134,0.0027855173078058797,1,2
116,A65VR_Pre,52.04049927926193,-57.08284096470819,-80.10171848895953,-88.03779669803663,-87.4597886568746,69.99992286981642,-52.132742830118026,-56.62877004021769,-40.466408657723754,-32.698573564190575,13.628997788953345,-21.158146859621795,-48.00988891382624,-79.08989439519092,-93.05947672226283,35.99443671161014,-24.53961594859952,-84.59069248002395,-85.00997238816407,-91.41998385521542,0.0008691414116385098,0.0012364922751228013,0.0005541557503502757,-0.0013377342819415553,0.001030255263930577,-0.002532989778935537,-0.0008225198620891525,0.0057752714278712265,1,0
117,A8VR_Post,-70.90508975144336,130.26452761640692,592.269025555049,53.59539323222382,-60.077526784855884,-58.27372428748456,150.53993964857202,288.8692068802842,51.239185850214966,-48.10398186781969,-22.273617658765456,68.13625346796402,266.2641539562277,76.87455757533807,4.716782574942235,62.55755311845738,-19.70398133927259,248.9714217283717,-66.12338127547113,-89.51286329027329,-0.00026311089531423675,-6.365512944034063e-05,-0.00012222856024863874,0.0013014455865824328,-0.0005937065215911033,0.0004953116628341112,0.00016361929536923042,-0.000585267901389241,1,2
119,A8VR_Pre,15.491371235910634,1.6635342836324625,-36.337371261022305,-17.866167548636184,-48.3222046862252,-17.486976112535828,18.48293999473882,26.48652104034633,73.10227307528278,19.756051050234166,-21.135143669910647,24.847174753291988,31.778939706087073,74.73671832835392,55.006431361087174,158.29414502435512,-16.59400612420011,-59.014647625686145,-74.88719909203611,-84.57468324233209,1.8786674170967586e-05,-0.00033164398818501435,-4.0956936631762084e-05,-0.0011701900141388585,-0.000989597174813479,-0.00018656008389869767,0.00029172831676403985,-0.0014218898156157995,1,0
